(1, ананас, 50, 60, 5000);
(2, шампиньон, 50, 60, 11000);
(3, маслины, 50, 60, 3000);
(4, корнешоны, 50, 60, 3000);
(5, болгарский перец, 50, 60, 2500);
(6, помидор, 50, 60, 12000);
(7, сыр моцарелла, 50, 100, 45000);
(8, пармезан, 40, 100, 5500);
(9, говядина, 50, 100, 10000);
(10, свинина, 50, 80, 6000);
(11, ветчина, 50, 70, 8000);
(12, бекон, 50, 100, 6500);
(13, пепперони, 50, 100, 9000);
(14, куринная грудка, 50, 80, 24000);
(15, сёмга, 50, 280, 7000);
(16, креветки, 50, 200, 3500);
(17, мидии, 50, 220, 3500);
(18, соус, 100, 0, 35000);
(19, тесто, 150, 0, 65000);